image: my_robot_map.pgm
resolution: 0.010000
origin: [-22.000000, -22.000000, 0]
negate: 0
occupied_thresh: 0.65
free_thresh: 0.196
